# lambda av_DeltaU
   0.000000000 15993.295813280
   0.001001001 15980.617779666
   0.002002002 15967.920015504
   0.003003003 15955.204057044
   0.004004004 15942.471808302
   0.005005005 15929.725513348
   0.006006006 15916.967721142
   0.007007007 15904.201244072
   0.008008008 15891.429111452
   0.009009009 15878.654519213
   0.010010010 15865.880777018
   0.011011011 15853.111254023
   0.012012012 15840.349324413
   0.013013013 15827.598313799
   0.014014014 15814.861447457
   0.015015015 15802.141801295
   0.016016016 15789.442256327
   0.017017017 15776.765457329
   0.018018018 15764.113776236
   0.019019019 15751.489280729
   0.020020020 15738.893708368
   0.021021021 15726.328446512
   0.022022022 15713.794518198
   0.023023023 15701.292574042
   0.024024024 15688.822890147
   0.025025025 15676.385371944
   0.026026026 15663.979563804
   0.027027027 15651.604664190
   0.028028028 15639.259546051
   0.029029029 15626.942782122
   0.030030030 15614.652674670
   0.031031031 15602.387289248
   0.032032032 15590.144491869
   0.033033033 15577.921989042
   0.034034034 15565.717369991
   0.035035035 15553.528150381
   0.036036036 15541.351816808
   0.037037037 15529.185871297
   0.038038038 15517.027875031
   0.039039039 15504.875490529
   0.040040040 15492.726521511
   0.041041041 15480.578949701
   0.042042042 15468.430967891
   0.043043043 15456.281008615
   0.044044044 15444.127767907
   0.045045045 15431.970223678
   0.046046046 15419.807648375
   0.047047047 15407.639615715
   0.048048048 15395.466001401
   0.049049049 15383.286977894
   0.050050050 15371.103003420
   0.051051051 15358.914805569
   0.052052052 15346.723359926
   0.053053053 15334.529864336
   0.054054054 15322.335709457
   0.055055055 15310.142446384
   0.056056056 15297.951752125
   0.057057057 15285.765393800
   0.058058058 15273.585192376
   0.059059059 15261.412986789
   0.060060060 15249.250599195
   0.061061061 15237.099802084
   0.062062062 15224.962287849
   0.063063063 15212.839641333
   0.064064064 15200.733315752
   0.065065065 15188.644612277
   0.066066066 15176.574663429
   0.067067067 15164.524420352
   0.068068068 15152.494643883
   0.069069069 15140.485899290
   0.070070070 15128.498554431
   0.071071071 15116.532781049
   0.072072072 15104.588558860
   0.073073073 15092.665682070
   0.074074074 15080.763767952
   0.075075075 15068.882267098
   0.076076076 15057.020475017
   0.077077077 15045.177544743
   0.078078078 15033.352500190
   0.079079079 15021.544250012
   0.080080080 15009.751601781
   0.081081081 14997.973276355
   0.082082082 14986.207922337
   0.083083083 14974.454130561
   0.084084084 14962.710448607
   0.085085085 14950.975395307
   0.086086086 14939.247475290
   0.087087087 14927.525193548
   0.088088088 14915.807070054
   0.089089089 14904.091654398
   0.090090090 14892.377540426
   0.091091091 14880.663380799
   0.092092092 14868.947901386
   0.093093093 14857.229915339
   0.094094094 14845.508336690
   0.095095095 14833.782193263
   0.096096096 14822.050638674
   0.097097097 14810.312963164
   0.098098098 14798.568603029
   0.099099099 14786.817148383
   0.100100100 14775.058349037
   0.101101101 14763.292118278
   0.102102102 14751.518534409
   0.103103103 14739.737839928
   0.104104104 14727.950438314
   0.105105105 14716.156888444
   0.106106106 14704.357896747
   0.107107107 14692.554307254
   0.108108108 14680.747089808
   0.109109109 14668.937326726
   0.110110110 14657.126198283
   0.111111111 14645.314967402
   0.112112112 14633.504963988
   0.113113113 14621.697569322
   0.114114114 14609.894200923
   0.115115115 14598.096298260
   0.116116116 14586.305309647
   0.117117117 14574.522680566
   0.118118118 14562.749843610
   0.119119119 14550.988210131
   0.120120120 14539.239163595
   0.121121121 14527.504054542
   0.122122122 14515.784196971
   0.123123123 14504.080865882
   0.124124124 14492.395295648
   0.125125125 14480.728678833
   0.126126126 14469.082165055
   0.127127127 14457.456859483
   0.128128128 14445.853820561
   0.129129129 14434.274056630
   0.130130130 14422.718521135
   0.131131131 14411.188106220
   0.132132132 14399.683634593
   0.133133133 14388.205849666
   0.134134134 14376.755404058
   0.135135135 14365.332846714
   0.136136136 14353.938608945
   0.137137137 14342.572989834
   0.138138138 14331.236141531
   0.139139139 14319.928054997
   0.140140140 14308.648546843
   0.141141141 14297.397247891
   0.142142142 14286.173594087
   0.143143143 14274.976820368
   0.144144144 14263.805958010
   0.145145145 14252.659835904
   0.146146146 14241.537086105
   0.147147147 14230.436153861
   0.148148148 14219.355312222
   0.149149149 14208.292681142
   0.150150150 14197.246250878
   0.151151151 14186.213909327
   0.152152152 14175.193472803
   0.153153153 14164.182719628
   0.154154154 14153.179425809
   0.155155155 14142.181401974
   0.156156156 14131.186530656
   0.157157157 14120.192803018
   0.158158158 14109.198354028
   0.159159159 14098.201495180
   0.160160160 14087.200743840
   0.161161161 14076.194848413
   0.162162162 14065.182808596
   0.163163163 14054.163890132
   0.164164164 14043.137633616
   0.165165165 14032.103857075
   0.166166166 14021.062652207
   0.167167167 14010.014374387
   0.168168168 13998.959626686
   0.169169169 13987.899238364
   0.170170170 13976.834238451
   0.171171171 13965.765825170
   0.172172172 13954.695332092
   0.173173173 13943.624191985
   0.174174174 13932.553899407
   0.175175175 13921.485973063
   0.176176176 13910.421918992
   0.177177177 13899.363195550
   0.178178178 13888.311181088
   0.179179179 13877.267145117
   0.180180180 13866.232223604
   0.181181181 13855.207398882
   0.182182182 13844.193484503
   0.183183183 13833.191115179
   0.184184184 13822.200741787
   0.185185185 13811.222631254
   0.186186186 13800.256870996
   0.187187187 13789.303377434
   0.188188188 13778.361908051
   0.189189189 13767.432076306
   0.190190190 13756.513368755
   0.191191191 13745.605163623
   0.192192192 13734.706750139
   0.193193193 13723.817347940
   0.194194194 13712.936125922
   0.195195195 13702.062219973
   0.196196196 13691.194749144
   0.197197197 13680.332829871
   0.198198198 13669.475588024
   0.199199199 13658.622168625
   0.200200200 13647.771743221
   0.201201201 13636.923515004
   0.202202202 13626.076721836
   0.203203203 13615.230637479
   0.204204204 13604.384571337
   0.205205205 13593.537867120
   0.206206206 13582.689900853
   0.207207207 13571.840078657
   0.208208208 13560.987834733
   0.209209209 13550.132629967
   0.210210210 13539.273951494
   0.211211211 13528.411313533
   0.212212212 13517.544259717
   0.213213213 13506.672367053
   0.214214214 13495.795251568
   0.215215215 13484.912575600
   0.216216216 13474.024056584
   0.217217217 13463.129477136
   0.218218218 13452.228696099
   0.219219219 13441.321660197
   0.220220220 13430.408415860
   0.221221221 13419.489120749
   0.222222222 13408.564054486
   0.223223223 13397.633628102
   0.224224224 13386.698391714
   0.225225225 13375.759039991
   0.226226226 13364.816415019
   0.227227227 13353.871506234
   0.228228228 13342.925447192
   0.229229229 13331.979509015
   0.230230230 13321.035090470
   0.231231231 13310.093704732
   0.232232232 13299.156962988
   0.233233233 13288.226555127
   0.234234234 13277.304227878
   0.235235235 13266.391760792
   0.236236236 13255.490940591
   0.237237237 13244.603534383
   0.238238238 13233.731262344
   0.239239239 13222.875770429
   0.240240240 13212.038603697
   0.241241241 13201.221180804
   0.242242242 13190.424770172
   0.243243243 13179.650468306
   0.244244244 13168.899180660
   0.245245245 13158.171605370
   0.246246246 13147.468220116
   0.247247247 13136.789272286
   0.248248248 13126.134772534
   0.249249249 13115.504491758
   0.250250250 13104.897961448
   0.251251251 13094.314477306
   0.252252252 13083.753105962
   0.253253253 13073.212694608
   0.254254254 13062.691883296
   0.255255255 13052.189119653
   0.256256256 13041.702675739
   0.257257257 13031.230666777
   0.258258258 13020.771071468
   0.259259259 13010.321753630
   0.260260260 12999.880484895
   0.261261261 12989.444968219
   0.262262262 12979.012861974
   0.263263263 12968.581804393
   0.264264264 12958.149438169
   0.265265265 12947.713435007
   0.266266266 12937.271519947
   0.267267267 12926.821495263
   0.268268268 12916.361263777
   0.269269269 12905.888851394
   0.270270270 12895.402428688
   0.271271271 12884.900331351
   0.272272272 12874.381079323
   0.273273273 12863.843394410
   0.274274274 12853.286216200
   0.275275275 12842.708716079
   0.276276276 12832.110309161
   0.277277277 12821.490663942
   0.278278278 12810.849709506
   0.279279279 12800.187640121
   0.280280280 12789.504917075
   0.281281281 12778.802267649
   0.282282282 12768.080681135
   0.283283283 12757.341401836
   0.284284284 12746.585919059
   0.285285285 12735.815954107
   0.286286286 12725.033444361
   0.287287287 12714.240524563
   0.288288288 12703.439505479
   0.289289289 12692.632850146
   0.290290290 12681.823147964
   0.291291291 12671.013086931
   0.292292292 12660.205424358
   0.293293293 12649.402956419
   0.294294294 12638.608486924
   0.295295295 12627.824795735
   0.296296296 12617.054607212
   0.297297297 12606.300559125
   0.298298298 12595.565172441
   0.299299299 12584.850822377
   0.300300300 12574.159711100
   0.301301301 12563.493842443
   0.302302302 12552.854998940
   0.303303303 12542.244721490
   0.304304304 12531.664291890
   0.305305305 12521.114718451
   0.306306306 12510.596724862
   0.307307307 12500.110742431
   0.308308308 12489.656905770
   0.309309309 12479.235051960
   0.310310310 12468.844723193
   0.311311311 12458.485172821
   0.312312312 12448.155374735
   0.313313313 12437.854035921
   0.314314314 12427.579612040
   0.315315315 12417.330325820
   0.316316316 12407.104188023
   0.317317317 12396.899020725
   0.318318318 12386.712482619
   0.319319319 12376.542096036
   0.320320320 12366.385275334
   0.321321321 12356.239356322
   0.322322322 12346.101626349
   0.323323323 12335.969354684
   0.324324324 12325.839822809
   0.325325325 12315.710354240
   0.326326326 12305.578343498
   0.327327327 12295.441283847
   0.328328328 12285.296793444
   0.329329329 12275.142639539
   0.330330330 12264.976760406
   0.331331331 12254.797284700
   0.332332332 12244.602547964
   0.333333333 12234.391106062
   0.334334334 12224.161745349
   0.335335335 12213.913489423
   0.336336336 12203.645602387
   0.337337337 12193.357588578
   0.338338338 12183.049188796
   0.339339339 12172.720373104
   0.340340340 12162.371330368
   0.341341341 12152.002454721
   0.342342342 12141.614329227
   0.343343343 12131.207707044
   0.344344344 12120.783490467
   0.345345345 12110.342708225
   0.346346346 12099.886491476
   0.347347347 12089.416048956
   0.348348348 12078.932641726
   0.349349349 12068.437558002
   0.350350350 12057.932088504
   0.351351351 12047.417502786
   0.352352352 12036.895026929
   0.353353353 12026.365822989
   0.354354354 12015.830970525
   0.355355355 12005.291450482
   0.356356356 11994.748131672
   0.357357357 11984.201759999
   0.358358358 11973.652950573
   0.359359359 11963.102182750
   0.360360360 11952.549798102
   0.361361361 11941.996001287
   0.362362362 11931.440863700
   0.363363363 11920.884329778
   0.364364364 11910.326225786
   0.365365365 11899.766270861
   0.366366366 11889.204090091
   0.367367367 11878.639229369
   0.368368368 11868.071171743
   0.369369369 11857.499354974
   0.370370370 11846.923190028
   0.371371371 11836.342080172
   0.372372372 11825.755440393
   0.373373373 11815.162716842
   0.374374374 11804.563405975
   0.375375375 11793.957073127
   0.376376376 11783.343370196
   0.377377377 11772.722052168
   0.378378378 11762.092992180
   0.379379379 11751.456194862
   0.380380380 11740.811807685
   0.381381381 11730.160130062
   0.382382382 11719.501619979
   0.383383383 11708.836897928
   0.384384384 11698.166747979
   0.385385385 11687.492115819
   0.386386386 11676.814103674
   0.387387387 11666.133962028
   0.388388388 11655.453078155
   0.389389389 11644.772961490
   0.390390390 11634.095225985
   0.391391391 11623.421569606
   0.392392392 11612.753751251
   0.393393393 11602.093565411
   0.394394394 11591.442814961
   0.395395395 11580.803282557
   0.396396396 11570.176701156
   0.397397397 11559.564724220
   0.398398398 11548.968896227
   0.399399399 11538.390624097
   0.400400400 11527.831150201
   0.401401401 11517.291527554
   0.402402402 11506.772597829
   0.403403403 11496.274972738
   0.404404404 11485.799019314
   0.405405405 11475.344849513
   0.406406406 11464.912314518
   0.407407407 11454.501003986
   0.408408408 11444.110250416
   0.409409409 11433.739138668
   0.410410410 11423.386520578
   0.411411411 11413.051034492
   0.412412412 11402.731129402
   0.413413413 11392.425093304
   0.414414414 11382.131085244
   0.415415415 11371.847170470
   0.416416416 11361.571357984
   0.417417417 11351.301639744
   0.418418418 11341.036030707
   0.419419419 11330.772608842
   0.420420420 11320.509554253
   0.421421421 11310.245186536
   0.422422422 11299.977999492
   0.423423423 11289.706692390
   0.424424424 11279.430197019
   0.425425425 11269.147699830
   0.426426426 11258.858658597
   0.427427427 11248.562813133
   0.428428428 11238.260189708
   0.429429429 11227.951099006
   0.430430430 11217.636127563
   0.431431431 11207.316122834
   0.432432432 11196.992172158
   0.433433433 11186.665576077
   0.434434434 11176.337816590
   0.435435435 11166.010521061
   0.436436436 11155.685422623
   0.437437437 11145.364317983
   0.438438438 11135.049023630
   0.439439439 11124.741331444
   0.440440440 11114.442964744
   0.441441441 11104.155535757
   0.442442442 11093.880505468
   0.443443443 11083.619146701
   0.444444444 11073.372511202
   0.445445445 11063.141401377
   0.446446446 11052.926347192
   0.447447447 11042.727588610
   0.448448448 11032.545063811
   0.449449449 11022.378403269
   0.450450450 11012.226929663
   0.451451451 11002.089663431
   0.452452452 10991.965333703
   0.453453453 10981.852394218
   0.454454454 10971.749043772
   0.455455455 10961.653250642
   0.456456456 10951.562780436
   0.457457457 10941.475226720
   0.458458458 10931.388043805
   0.459459459 10921.298581040
   0.460460460 10911.204117981
   0.461461461 10901.101899797
   0.462462462 10890.989172335
   0.463463463 10880.863216258
   0.464464464 10870.721379733
   0.465465465 10860.561109186
   0.466466466 10850.379977660
   0.467467467 10840.175710412
   0.468468468 10829.946207386
   0.469469469 10819.689562277
   0.470470470 10809.404077976
   0.471471471 10799.088278201
   0.472472472 10788.740915236
   0.473473473 10778.360973706
   0.474474474 10767.947670439
   0.475475475 10757.500450490
   0.476476476 10747.018979485
   0.477477477 10736.503132513
   0.478478478 10725.952979854
   0.479479479 10715.368769890
   0.480480480 10704.750909607
   0.481481481 10694.099943139
   0.482482482 10683.416528871
   0.483483483 10672.701415613
   0.484484484 10661.955418422
   0.485485485 10651.179394628
   0.486486486 10640.374220648
   0.487487487 10629.540770132
   0.488488488 10618.679893972
   0.489489489 10607.792402679
   0.490490490 10596.879051543
   0.491491491 10585.940528967
   0.492492492 10574.977448270
   0.493493493 10563.990343174
   0.494494494 10552.979667097
   0.495495495 10541.945796301
   0.496496496 10530.889036801
   0.497497497 10519.809634905
   0.498498498 10508.707791089
   0.499499499 10497.583676889
   0.500500501 10486.437454344
   0.501501502 10475.269297505
   0.502502503 10464.079415405
   0.503503504 10452.868075884
   0.504504505 10441.635629576
   0.505505506 10430.382533396
   0.506506507 10419.109372800
   0.507507508 10407.816882166
   0.508508509 10396.505962616
   0.509509510 10385.177696694
   0.510510511 10373.833359352
   0.511511512 10362.474424790
   0.512512513 10351.102568790
   0.513513514 10339.719666285
   0.514514515 10328.327784041
   0.515515516 10316.929168423
   0.516516517 10305.526228371
   0.517517518 10294.121513818
   0.518518519 10282.717689911
   0.519519520 10271.317507505
   0.520520521 10259.923770488
   0.521521522 10248.539300590
   0.522522523 10237.166900397
   0.523523524 10225.809315300
   0.524524525 10214.469195178
   0.525525526 10203.149056580
   0.526526527 10191.851246162
   0.527527528 10180.577906078
   0.528528529 10169.330942004
   0.529529530 10158.111994336
   0.530530531 10146.922413077
   0.531531532 10135.763236793
   0.532532533 10124.635175931
   0.533533534 10113.538600685
   0.534534535 10102.473533498
   0.535535536 10091.439646195
   0.536536537 10080.436261630
   0.537537538 10069.462359697
   0.538538539 10058.516587425
   0.539539540 10047.597272870
   0.540540541 10036.702442452
   0.541541542 10025.829841344
   0.542542543 10014.976956510
   0.543543544 10004.141041981
   0.544544545 9993.319145941
   0.545545546 9982.508139222
   0.546546547 9971.704744796
   0.547547548 9960.905567907
   0.548548549 9950.107126472
   0.549549550 9939.305881433
   0.550550551 9928.498266758
   0.551551552 9917.680718829
   0.552552553 9906.849704963
   0.553553554 9896.001750863
   0.554554555 9885.133466800
   0.555555556 9874.241572369
   0.556556557 9863.322919661
   0.557557558 9852.374514726
   0.558558559 9841.393537208
   0.559559560 9830.377358050
   0.560560561 9819.323555159
   0.561561562 9808.229926966
   0.562562563 9797.094503766
   0.563563564 9785.915556796
   0.564564565 9774.691604950
   0.565565566 9763.421419090
   0.566566567 9752.104023893
   0.567567568 9740.738697204
   0.568568569 9729.324966877
   0.569569570 9717.862605102
   0.570570571 9706.351620269
   0.571571572 9694.792246428
   0.572572573 9683.184930451
   0.573573574 9671.530317058
   0.574574575 9659.829231891
   0.575575576 9648.082662886
   0.576576577 9636.291740241
   0.577577578 9624.457715296
   0.578578579 9612.581938728
   0.579579580 9600.665838447
   0.580580581 9588.710897643
   0.581581582 9576.718633412
   0.582582583 9564.690576426
   0.583583584 9552.628252055
   0.584584585 9540.533163354
   0.585585586 9528.406776259
   0.586586587 9516.250507272
   0.587587588 9504.065713872
   0.588588589 9491.853687764
   0.589589590 9479.615650997
   0.590590591 9467.352754913
   0.591591592 9455.066081731
   0.592592593 9442.756648541
   0.593593594 9430.425413330
   0.594594595 9418.073282652
   0.595595596 9405.701120423
   0.596596597 9393.309757346
   0.597597598 9380.900000406
   0.598598599 9368.472641889
   0.599599600 9356.028467423
   0.600600601 9343.568262550
   0.601601602 9331.092817452
   0.602602603 9318.602929503
   0.603603604 9306.099403442
   0.604604605 9293.583049079
   0.605605606 9281.054676551
   0.606606607 9268.515089260
   0.607607608 9255.965074764
   0.608608609 9243.405393962
   0.609609610 9230.836769004
   0.610610611 9218.259870449
   0.611611612 9205.675304187
   0.612612613 9193.083598707
   0.613613614 9180.485193237
   0.614614615 9167.880427279
   0.615615616 9155.269531989
   0.616616617 9142.652623760
   0.617617618 9130.029700301
   0.618618619 9117.400639361
   0.619619620 9104.765200160
   0.620620621 9092.123027462
   0.621621622 9079.473658116
   0.622622623 9066.816529800
   0.623623624 9054.150991610
   0.624624625 9041.476316077
   0.625625626 9028.791712147
   0.626626627 9016.096338640
   0.627627628 9003.389317705
   0.628628629 8990.669747819
   0.629629630 8977.936715907
   0.630630631 8965.189308257
   0.631631632 8952.426619938
   0.632632633 8939.647762564
   0.633633634 8926.851870308
   0.634634635 8914.038104185
   0.635635636 8901.205654708
   0.636636637 8888.353743103
   0.637637638 8875.481621347
   0.638638639 8862.588571336
   0.639639640 8849.673903534
   0.640640641 8836.736955482
   0.641641642 8823.777090497
   0.642642643 8810.793696924
   0.643643644 8797.786188216
   0.644644645 8784.754004061
   0.645645646 8771.696612720
   0.646646647 8758.613514629
   0.647647648 8745.504247242
   0.648648649 8732.368390987
   0.649649650 8719.205576133
   0.650650651 8706.015490258
   0.651651652 8692.797885976
   0.652652653 8679.552588482
   0.653653654 8666.279502476
   0.654654655 8652.978617983
   0.655655656 8639.650014619
   0.656656657 8626.293863859
   0.657657658 8612.910428925
   0.658658659 8599.500061990
   0.659659660 8586.063198472
   0.660660661 8572.600348303
   0.661661662 8559.112084174
   0.662662663 8545.599026881
   0.663663664 8532.061828011
   0.664664665 8518.501150340
   0.665665666 8504.917646422
   0.666666667 8491.311935933
   0.667667668 8477.684582439
   0.668668669 8464.036070291
   0.669669670 8450.366782397
   0.670670671 8436.676979617
   0.671671672 8422.966782532
   0.672672673 8409.236156244
   0.673673674 8395.484898840
   0.674674675 8381.712634017
   0.675675676 8367.918808266
   0.676676677 8354.102692864
   0.677677678 8340.263390789
   0.678678679 8326.399848506
   0.679679680 8312.510872410
   0.680680681 8298.595149579
   0.681681682 8284.651272328
   0.682682683 8270.677765925
   0.683683684 8256.673118728
   0.684684685 8242.635813915
   0.685685686 8228.564361890
   0.686686687 8214.457332468
   0.687687688 8200.313385864
   0.688688689 8186.131301617
   0.689689690 8171.910004566
   0.690690691 8157.648587131
   0.691691692 8143.346327215
   0.692692693 8129.002701217
   0.693693694 8114.617391751
   0.694694695 8100.190289837
   0.695695696 8085.721491500
   0.696696697 8071.211288853
   0.697697698 8056.660155895
   0.698698699 8042.068729408
   0.699699700 8027.437785441
   0.700700701 8012.768211987
   0.701701702 7998.060978519
   0.702702703 7983.317103133
   0.703703704 7968.537618048
   0.704704705 7953.723534256
   0.705705706 7938.875806080
   0.706706707 7923.995296389
   0.707707708 7909.082743179
   0.708708709 7894.138728195
   0.709709710 7879.163648194
   0.710710711 7864.157689455
   0.711711712 7849.120806022
   0.712712713 7834.052702201
   0.713713714 7818.952819717
   0.714714715 7803.820329959
   0.715715716 7788.654131640
   0.716716717 7773.452854206
   0.717717718 7758.214867220
   0.718718719 7742.938295910
   0.719719720 7727.621042975
   0.720720721 7712.260816609
   0.721721722 7696.855164615
   0.722722723 7681.401514287
   0.723723724 7665.897217577
   0.724724725 7650.339600889
   0.725725726 7634.726018593
   0.726726727 7619.053909190
   0.727727728 7603.320852835
   0.728728729 7587.524628733
   0.729729730 7571.663270801
   0.730730731 7555.735119867
   0.731731732 7539.738870627
   0.732732733 7523.673611632
   0.733733734 7507.538856653
   0.734734735 7491.334565996
   0.735735736 7475.061156582
   0.736736737 7458.719499995
   0.737737738 7442.310908119
   0.738738739 7425.837106455
   0.739739740 7409.300195761
   0.740740741 7392.702603124
   0.741741742 7376.047024138
   0.742742743 7359.336358240
   0.743743744 7342.573639663
   0.744744745 7325.761966688
   0.745745746 7308.904432005
   0.746746747 7292.004056958
   0.747747748 7275.063732282
   0.748748749 7258.086167587
   0.749749750 7241.073851422
   0.750750751 7224.029023143
   0.751751752 7206.953657194
   0.752752753 7189.849459678
   0.753753754 7172.717876430
   0.754754755 7155.560111104
   0.755755756 7138.377151225
   0.756756757 7121.169799647
   0.757757758 7103.938708539
   0.758758759 7086.684412831
   0.759759760 7069.407360047
   0.760760761 7052.107933632
   0.761761762 7034.786467233
   0.762762763 7017.443247889
   0.763763764 7000.078506745
   0.764764765 6982.692396617
   0.765765766 6965.284956570
   0.766766767 6947.856064454
   0.767767768 6930.405379175
   0.768768769 6912.932275166
   0.769769770 6895.435772177
   0.770770771 6877.914463962
   0.771771772 6860.366449759
   0.772772773 6842.789272623
   0.773773774 6825.179868573
   0.774774775 6807.534530340
   0.775775776 6789.848889059
   0.776776777 6772.117916723
   0.777777778 6754.335951521
   0.778778779 6736.496747406
   0.779779780 6718.593548384
   0.780780781 6700.619187123
   0.781781782 6682.566206529
   0.782782783 6664.427002087
   0.783783784 6646.193981812
   0.784784785 6627.859739890
   0.785785786 6609.417239310
   0.786786787 6590.859998155
   0.787787788 6572.182273711
   0.788788789 6553.379238199
   0.789789790 6534.447139756
   0.790790791 6515.383442353
   0.791791792 6496.186938624
   0.792792793 6476.857830100
   0.793793794 6457.397770187
   0.794794795 6437.809866274
   0.795795796 6418.098638657
   0.796796797 6398.269935500
   0.797797798 6378.330804671
   0.798798799 6358.289325008
   0.799799800 6338.154401279
   0.800800801 6317.935528647
   0.801801802 6297.642533831
   0.802802803 6277.285301250
   0.803803804 6256.873493140
   0.804804805 6236.416272981
   0.805805806 6215.922041486
   0.806806807 6195.398193917
   0.807807808 6174.850906661
   0.808808809 6154.284959863
   0.809809810 6133.703601517
   0.810810811 6113.108456944
   0.811811812 6092.499486012
   0.812812813 6071.874988866
   0.813813814 6051.231659517
   0.814814815 6030.564685225
   0.815815816 6009.867888436
   0.816816817 5989.133906935
   0.817817818 5968.354406994
   0.818818819 5947.520323493
   0.819819820 5926.622120337
   0.820820821 5905.650063929
   0.821821822 5884.594502036
   0.822822823 5863.446139995
   0.823823824 5842.196306034
   0.824824825 5820.837197390
   0.825825826 5799.362099090
   0.826826827 5777.765567623
   0.827827828 5756.043572471
   0.828828829 5734.193589487
   0.829829830 5712.214641506
   0.830830831 5690.107283346
   0.831831832 5667.873530398
   0.832832833 5645.516732326
   0.833833834 5623.041395813
   0.834834835 5600.452962722
   0.835835836 5577.757552283
   0.836836837 5554.961677839
   0.837837838 5532.071950169
   0.838838839 5509.094780208
   0.839839840 5486.036094203
   0.840840841 5462.901073818
   0.841841842 5439.693932472
   0.842842843 5416.417737436
   0.843843844 5393.074284910
   0.844844845 5369.664032718
   0.845845846 5346.186092493
   0.846846847 5322.638280474
   0.847847848 5299.017223442
   0.848848849 5275.318513989
   0.849849850 5251.536907387
   0.850850851 5227.666550754
   0.851851852 5203.701234176
   0.852852853 5179.634652795
   0.853853854 5155.460668664
   0.854854855 5131.173561394
   0.855855856 5106.768257170
   0.856856857 5082.240526639
   0.857857858 5057.587143351
   0.858858859 5032.805995979
   0.859859860 5007.896149226
   0.860860861 4982.857850345
   0.861861862 4957.692480291
   0.862862863 4932.402450831
   0.863863864 4906.991051195
   0.864864865 4881.462250172
   0.865865866 4855.820461644
   0.866866867 4830.070283428
   0.867867868 4804.216220809
   0.868868869 4778.262407157
   0.869869870 4752.212334521
   0.870870871 4726.068606971
   0.871871872 4699.832728736
   0.872872873 4673.504937839
   0.873873874 4647.084094116
   0.874874875 4620.567628159
   0.875875876 4593.951555120
   0.876876877 4567.230554446
   0.877877878 4540.398113699
   0.878878879 4513.446731725
   0.879879880 4486.368173690
   0.880880881 4459.153768057
   0.881881882 4431.794733421
   0.882882883 4404.282521453
   0.883883884 4376.609161017
   0.884884885 4348.767587901
   0.885885886 4320.751944655
   0.886886887 4292.557835735
   0.887887888 4264.182524620
   0.888888889 4235.625061741
   0.889889890 4206.886334949
   0.890890891 4177.969037818
   0.891891892 4148.877555067
   0.892892893 4119.617768786
   0.893893894 4090.196793591
   0.894894895 4060.622653122
   0.895895896 4030.903914107
   0.896896897 4001.049297279
   0.897897898 3971.067286501
   0.898898899 3940.965758306
   0.899899900 3910.751653578
   0.900900901 3880.430711263
   0.901901902 3850.007280825
   0.902902903 3819.484225778
   0.903903904 3788.862925298
   0.904904905 3758.143374818
   0.905905906 3727.324380075
   0.906906907 3696.403832557
   0.907907908 3665.379048130
   0.908908909 3634.247145240
   0.909909910 3603.005434773
   0.910910911 3571.651790945
   0.911911912 3540.184971704
   0.912912913 3508.604858411
   0.913913914 3476.912588131
   0.914914915 3445.110557726
   0.915915916 3413.202286923
   0.916916917 3381.192137154
   0.917917918 3349.084893739
   0.918918919 3316.885230024
   0.919919920 3284.597082575
   0.920920921 3252.222975634
   0.921921922 3219.763339865
   0.922922923 3187.215874460
   0.923923924 3154.575002524
   0.924924925 3121.831467196
   0.925925926 3088.972110355
   0.926926927 3055.979867312
   0.927927928 3022.834000022
   0.928928929 2989.510578539
   0.929929930 2955.983206108
   0.930930931 2922.223967878
   0.931931932 2888.204567197
   0.932932933 2853.897597351
   0.933933934 2819.277881303
   0.934934935 2784.323798537
   0.935935936 2749.018508134
   0.936936937 2713.350972347
   0.937937938 2677.316687288
   0.938938939 2640.918038344
   0.939939940 2604.164218740
   0.940940941 2567.070679929
   0.941941942 2529.658120658
   0.942942943 2491.951064324
   0.943943944 2453.976117054
   0.944944945 2415.760036411
   0.945945946 2377.327767534
   0.946946947 2338.700615649
   0.947947948 2299.894718803
   0.948948949 2260.919962409
   0.949949950 2221.779439873
   0.950950951 2182.469515363
   0.951951952 2142.980490831
   0.952952953 2103.297825226
   0.953953954 2063.403804472
   0.954954955 2023.279520438
   0.955955956 1982.906988924
   0.956956957 1942.271222708
   0.957957958 1901.362077184
   0.958958959 1860.175703219
   0.959959960 1818.715473955
   0.960960961 1776.992297303
   0.961961962 1735.024280569
   0.962962963 1692.835773088
   0.963963964 1650.455871122
   0.964964965 1607.916519925
   0.965965966 1565.250384945
   0.966966967 1522.488682846
   0.967967968 1479.659161339
   0.968968969 1436.784395099
   0.969969970 1393.880526803
   0.970970971 1350.956532708
   0.971971972 1308.014037854
   0.972972973 1265.047653135
   0.973973974 1222.045760867
   0.974974975 1178.991640797
   0.975975976 1135.864807177
   0.976976977 1092.642420098
   0.977977978 1049.300639972
   0.978978979 1005.815811469
   0.979979980  962.165389753
   0.980980981  918.328555097
   0.981981982  874.286498479
   0.982982983  830.022397437
   0.983983984  785.521134695
   0.984984985  740.768838669
   0.985985986  695.752342097
   0.986986987  650.458660954
   0.987987988  604.874589881
   0.988988989  558.986493542
   0.989989990  512.780347983
   0.990990991  466.242055770
   0.991991992  419.358027807
   0.992992993  372.115997782
   0.993993994  324.506015975
   0.994994995  276.521560665
   0.995995996  228.160708283
   0.996996997  179.427316909
   0.997997998  130.332198216
   0.998998999   80.894275337
   1.000000000   31.141741879
